index,time,src_ip,dst_ip,tcp_seq,tcp_ack,tcp_len,direction,cumul_sum
1,1576407724.660227,192.168.1.6,35.222.85.5,4135613347,1049168,87,0,-87
2,1576407724.968360,35.222.85.5,192.168.1.6,1049168,4135613434,148,1,61
3,1576407725.462147,192.168.1.6,192.168.1.4,751890448,1311335645,343,0,-282
4,1576407725.463675,192.168.1.4,192.168.1.6,1311335645,751890791,99,1,-183
5,1576407725.464414,192.168.1.6,192.168.1.4,751890791,1311335744,382,0,-565
6,1576407725.524306,192.168.1.4,192.168.1.6,1311335744,751891173,2266,1,1701
7,1576407725.526678,192.168.1.6,192.168.1.4,751891173,1311338010,74,0,1627
8,1576407725.526955,192.168.1.6,192.168.1.4,751891247,1311338010,170,0,1457
9,1576407725.527655,192.168.1.4,192.168.1.6,1311338010,751891417,79,1,1536
10,1576407725.527861,192.168.1.4,192.168.1.6,1311338089,751891417,79,1,1615
11,1576407725.543509,192.168.1.4,192.168.1.6,1311338168,751891417,670,1,2285
12,1576407725.543527,192.168.1.4,192.168.1.6,1311338838,751891417,24,1,2309
13,1576407725.545207,192.168.1.6,192.168.1.4,751891417,1311338862,24,0,2285
14,1576407725.548028,192.168.1.6,192.168.1.4,1567980858,2333830186,343,0,1942
15,1576407725.548533,192.168.1.4,192.168.1.6,2333830186,1567981201,99,1,2041
16,1576407725.548748,192.168.1.6,192.168.1.4,1567981201,2333830285,382,0,1659
17,1576407725.559240,192.168.1.4,192.168.1.6,2333830285,1567981583,2266,1,3925
18,1576407725.560248,192.168.1.6,192.168.1.4,1567981583,2333832551,74,0,3851
19,1576407725.560356,192.168.1.6,192.168.1.4,1567981657,2333832551,170,0,3681
20,1576407725.560669,192.168.1.4,192.168.1.6,2333832551,1567981657,79,1,3760
21,1576407725.560749,192.168.1.4,192.168.1.6,2333832630,1567981827,79,1,3839
22,1576407725.575727,192.168.1.4,192.168.1.6,2333832709,1567981827,670,1,4509
23,1576407725.575746,192.168.1.4,192.168.1.6,2333833379,1567981827,24,1,4533
24,1576407725.578148,192.168.1.6,192.168.1.4,1567981827,2333833403,24,0,4509
25,1576407725.579348,192.168.1.6,192.168.1.4,3341755505,1338375248,343,0,4166
26,1576407725.579858,192.168.1.4,192.168.1.6,1338375248,3341755848,99,1,4265
27,1576407725.580076,192.168.1.6,192.168.1.4,3341755848,1338375347,382,0,3883
28,1576407725.590374,192.168.1.4,192.168.1.6,1338375347,3341756230,2266,1,6149
29,1576407725.591182,192.168.1.6,192.168.1.4,3341756230,1338377613,74,0,6075
30,1576407725.591288,192.168.1.6,192.168.1.4,3341756304,1338377613,170,0,5905
31,1576407725.591581,192.168.1.4,192.168.1.6,1338377613,3341756304,79,1,5984
32,1576407725.591699,192.168.1.4,192.168.1.6,1338377692,3341756474,79,1,6063
33,1576407725.603244,192.168.1.4,192.168.1.6,1338377771,3341756474,670,1,6733
34,1576407725.603259,192.168.1.4,192.168.1.6,1338378441,3341756474,24,1,6757
35,1576407725.605561,192.168.1.6,192.168.1.4,3341756474,1338378465,24,0,6733
36,1576407725.606308,192.168.1.6,192.168.1.4,3333571751,471795955,343,0,6390
37,1576407725.607118,192.168.1.4,192.168.1.6,471795955,3333572094,99,1,6489
38,1576407725.607338,192.168.1.6,192.168.1.4,3333572094,471796054,382,0,6107
39,1576407725.617945,192.168.1.4,192.168.1.6,471796054,3333572476,2266,1,8373
40,1576407725.618732,192.168.1.6,192.168.1.4,3333572476,471798320,74,0,8299
41,1576407725.618834,192.168.1.6,192.168.1.4,3333572550,471798320,170,0,8129
42,1576407725.619259,192.168.1.4,192.168.1.6,471798320,3333572720,79,1,8208
43,1576407725.619268,192.168.1.4,192.168.1.6,471798399,3333572720,79,1,8287
44,1576407725.630210,192.168.1.4,192.168.1.6,471798478,3333572720,670,1,8957
45,1576407725.630222,192.168.1.4,192.168.1.6,471799148,3333572720,24,1,8981
46,1576407725.632646,192.168.1.6,192.168.1.4,3333572720,471799172,24,0,8957
47,1576407725.635736,192.168.1.6,192.168.1.4,3584512782,1120918335,343,0,8614
48,1576407725.636270,192.168.1.4,192.168.1.6,1120918335,3584513125,99,1,8713
49,1576407725.636485,192.168.1.6,192.168.1.4,3584513125,1120918434,382,0,8331
50,1576407725.646507,192.168.1.4,192.168.1.6,1120918434,3584513507,2266,1,10597
51,1576407725.647656,192.168.1.6,192.168.1.4,3584513507,1120920700,74,0,10523
52,1576407725.647808,192.168.1.6,192.168.1.4,3584513581,1120920700,170,0,10353
53,1576407725.648168,192.168.1.4,192.168.1.6,1120920700,3584513751,79,1,10432
54,1576407725.648179,192.168.1.4,192.168.1.6,1120920779,3584513751,79,1,10511
55,1576407725.659851,192.168.1.4,192.168.1.6,1120920858,3584513751,670,1,11181
56,1576407725.659863,192.168.1.4,192.168.1.6,1120921528,3584513751,24,1,11205
57,1576407725.663465,192.168.1.6,192.168.1.4,3584513751,1120921552,24,0,11181
58,1576407726.291156,192.168.1.6,192.168.1.4,574780937,557740451,343,0,10838
59,1576407726.291994,192.168.1.4,192.168.1.6,557740451,574781280,99,1,10937
60,1576407726.292304,192.168.1.6,192.168.1.4,574781280,557740550,382,0,10555
61,1576407726.302700,192.168.1.4,192.168.1.6,557740550,574781662,2266,1,12821
62,1576407726.303612,192.168.1.6,192.168.1.4,574781662,557742816,74,0,12747
63,1576407726.303765,192.168.1.6,192.168.1.4,574781736,557742816,245,0,12502
64,1576407726.304293,192.168.1.4,192.168.1.6,557742816,574781981,79,1,12581
65,1576407726.304624,192.168.1.4,192.168.1.6,557742895,574781981,79,1,12660
66,1576407726.349607,192.168.1.4,192.168.1.6,557742974,574781981,91,1,12751
67,1576407726.350153,192.168.1.6,192.168.1.4,574781981,557743065,539,0,12212
68,1576407726.401810,192.168.1.4,192.168.1.6,557743065,574782520,2070,1,14282
69,1576407726.444361,192.168.1.4,192.168.1.6,557745135,574782520,1020,1,15302
70,1576407726.464935,192.168.1.6,192.168.1.4,574782520,557746155,86,0,15216
71,1576407726.465849,192.168.1.6,192.168.1.4,574782606,557746155,108,0,15108
72,1576407726.468644,192.168.1.6,192.168.1.4,574782714,557746155,321,0,14787
73,1576407726.468773,192.168.1.6,192.168.1.4,574783035,557746155,54,0,14733
74,1576407726.505626,192.168.1.4,192.168.1.6,557746155,574783089,617,1,15350
75,1576407726.506436,192.168.1.6,192.168.1.4,574783089,557746772,53,0,15297
76,1576407726.522511,192.168.1.4,192.168.1.6,557746772,574783142,1421,1,16718
77,1576407726.523751,192.168.1.6,192.168.1.4,574783142,557748193,61,0,16657
78,1576407726.864715,192.168.1.6,192.168.1.4,1544669077,1113875143,343,0,16314
79,1576407726.866658,192.168.1.4,192.168.1.6,1113875143,1544669420,99,1,16413
80,1576407726.866951,192.168.1.6,192.168.1.4,1544669420,1113875242,382,0,16031
81,1576407726.868003,192.168.1.6,192.168.1.4,1135818477,229913426,343,0,15688
82,1576407726.872991,192.168.1.4,192.168.1.6,229913426,1135818820,99,1,15787
83,1576407726.873239,192.168.1.6,192.168.1.4,1135818820,229913525,382,0,15405
84,1576407726.885853,192.168.1.4,192.168.1.6,1113875242,1544669802,2266,1,17671
85,1576407726.886651,192.168.1.6,192.168.1.4,1544669802,1113877508,74,0,17597
86,1576407726.886744,192.168.1.6,192.168.1.4,1544669876,1113877508,235,0,17362
87,1576407726.890162,192.168.1.4,192.168.1.6,229913525,1135819202,2266,1,19628
88,1576407726.890356,192.168.1.4,192.168.1.6,1113877508,1544670111,79,1,19707
89,1576407726.890465,192.168.1.4,192.168.1.6,1113877587,1544670111,79,1,19786
90,1576407726.891243,192.168.1.6,192.168.1.4,1135819202,229915791,74,0,19712
91,1576407726.891374,192.168.1.6,192.168.1.4,1135819276,229915791,235,0,19477
92,1576407726.892070,192.168.1.4,192.168.1.6,229915791,1135819511,79,1,19556
93,1576407726.892182,192.168.1.4,192.168.1.6,229915870,1135819511,79,1,19635
94,1576407727.004864,192.168.1.4,192.168.1.6,1113877666,1544670111,91,1,19726
95,1576407727.005956,192.168.1.6,192.168.1.4,1544670111,1113877757,539,0,19187
96,1576407727.055581,192.168.1.4,192.168.1.6,1113877757,1544670650,2070,1,21257
97,1576407727.097061,192.168.1.4,192.168.1.6,1113879827,1544670650,2143,1,23400
98,1576407727.108302,192.168.1.6,192.168.1.4,1544670650,1113881970,102,0,23298
99,1576407727.110806,192.168.1.6,192.168.1.4,1544670752,1113881970,521,0,22777
100,1576407727.145298,192.168.1.4,192.168.1.6,1113881970,1544671273,325,1,23102
101,1576407727.166180,192.168.1.4,192.168.1.6,229915949,1135819511,91,1,23193
102,1576407727.167254,192.168.1.6,192.168.1.4,1135819511,229916040,652,0,22541
103,1576407727.189232,192.168.1.4,192.168.1.6,1113882295,1544671273,5637,1,28178
104,1576407727.271728,192.168.1.4,192.168.1.6,229916040,1135820163,278,1,28456
105,1576407727.273853,192.168.1.6,192.168.1.4,1135820163,229916318,102,0,28354
106,1576407727.317189,192.168.1.6,192.168.1.4,1544671273,1113887932,388,0,27966
107,1576407727.317917,192.168.1.6,192.168.1.4,1135820265,229916318,390,0,27576
108,1576407727.319105,192.168.1.4,192.168.1.6,229916318,1135820655,325,1,27901
109,1576407727.326436,192.168.1.6,192.168.1.4,2189913725,4191910676,343,0,27558
110,1576407727.326871,192.168.1.4,192.168.1.6,4191910676,2189914068,99,1,27657
111,1576407727.327233,192.168.1.6,192.168.1.4,2189914068,4191910775,382,0,27275
112,1576407727.330161,192.168.1.6,192.168.1.4,2924638522,3870657780,343,0,26932
113,1576407727.333008,192.168.1.6,192.168.1.4,1200433411,286179833,343,0,26589
114,1576407727.333347,192.168.1.4,192.168.1.6,3870657780,2924638865,99,1,26688
115,1576407727.333544,192.168.1.6,192.168.1.4,2924638865,3870657879,382,0,26306
116,1576407727.340948,192.168.1.4,192.168.1.6,286179833,1200433754,99,1,26405
117,1576407727.341636,192.168.1.6,192.168.1.4,1200433754,286179932,382,0,26023
118,1576407727.346908,192.168.1.4,192.168.1.6,1113887932,1544671661,1385,1,27408
119,1576407727.347560,192.168.1.4,192.168.1.6,1113889317,1544671661,914,1,28322
120,1576407727.352547,192.168.1.6,192.168.1.4,1544671661,1113890231,418,0,27904
121,1576407727.353706,192.168.1.4,192.168.1.6,4191910775,2189914450,2266,1,30170
122,1576407727.354568,192.168.1.6,192.168.1.4,2189914450,4191913041,74,0,30096
123,1576407727.354657,192.168.1.6,192.168.1.4,2189914524,4191913041,235,0,29861
124,1576407727.354956,192.168.1.4,192.168.1.6,4191913041,2189914759,79,1,29940
125,1576407727.355023,192.168.1.4,192.168.1.6,4191913120,2189914759,79,1,30019
126,1576407727.360576,192.168.1.4,192.168.1.6,229916643,1135820655,988,1,31007
127,1576407727.366217,192.168.1.6,192.168.1.4,1135820655,229917631,415,0,30592
128,1576407727.367178,192.168.1.4,192.168.1.6,3870657879,2924639247,2266,1,32858
129,1576407727.368017,192.168.1.6,192.168.1.4,2924639247,3870660145,74,0,32784
130,1576407727.368107,192.168.1.6,192.168.1.4,2924639321,3870660145,235,0,32549
131,1576407727.368315,192.168.1.4,192.168.1.6,3870660145,2924639556,79,1,32628
132,1576407727.368421,192.168.1.4,192.168.1.6,3870660224,2924639556,79,1,32707
133,1576407727.371347,192.168.1.4,192.168.1.6,286179932,1200434136,2266,1,34973
134,1576407727.372284,192.168.1.6,192.168.1.4,1200434136,286182198,74,0,34899
135,1576407727.372409,192.168.1.6,192.168.1.4,1200434210,286182198,235,0,34664
136,1576407727.372792,192.168.1.4,192.168.1.6,286182198,1200434445,79,1,34743
137,1576407727.372933,192.168.1.4,192.168.1.6,286182277,1200434445,79,1,34822
138,1576407727.388426,192.168.1.4,192.168.1.6,1113890231,1544672079,1385,1,36207
139,1576407727.402658,192.168.1.6,192.168.1.4,1162414121,964512632,343,0,35864
140,1576407727.403455,192.168.1.4,192.168.1.6,964512632,1162414464,99,1,35963
141,1576407727.403727,192.168.1.6,192.168.1.4,1162414464,964512731,382,0,35581
142,1576407727.416168,192.168.1.4,192.168.1.6,964512731,1162414846,2266,1,37847
143,1576407727.417047,192.168.1.6,192.168.1.4,1162414846,964514997,74,0,37773
144,1576407727.417158,192.168.1.6,192.168.1.4,1162414920,964514997,235,0,37538
145,1576407727.417428,192.168.1.4,192.168.1.6,964514997,1162414920,79,1,37617
146,1576407727.417523,192.168.1.4,192.168.1.6,964515076,1162415155,79,1,37696
147,1576407727.433367,192.168.1.4,192.168.1.6,1113891616,1544672079,1261,1,38957
148,1576407727.435147,192.168.1.6,192.168.1.4,1544672079,1113892877,387,0,38570
149,1576407727.440356,192.168.1.4,192.168.1.6,229917631,1135821070,1361,1,39931
150,1576407727.442714,192.168.1.4,192.168.1.6,4191913199,2189914759,91,1,40022
151,1576407727.443766,192.168.1.6,192.168.1.4,2189914759,4191913290,652,0,39370
152,1576407727.446174,192.168.1.4,192.168.1.6,3870660303,2924639556,91,1,39461
153,1576407727.446765,192.168.1.6,192.168.1.4,2924639556,3870660394,652,0,38809
154,1576407727.449704,192.168.1.6,192.168.1.4,1135821070,229918992,386,0,38423
155,1576407727.475390,192.168.1.4,192.168.1.6,4191913290,2189915411,278,1,38701
156,1576407727.475414,192.168.1.4,192.168.1.6,1113892877,1544672466,2070,1,40771
157,1576407727.477041,192.168.1.6,192.168.1.4,2189915411,4191913568,102,0,40669
158,1576407727.479289,192.168.1.4,192.168.1.6,286182356,1200434445,91,1,40760
159,1576407727.481645,192.168.1.6,192.168.1.4,1200434445,286182447,539,0,40221
160,1576407727.482153,192.168.1.4,192.168.1.6,964515155,1162415155,91,1,40312
161,1576407727.484048,192.168.1.6,192.168.1.4,1162415155,964515246,539,0,39773
162,1576407727.486167,192.168.1.6,192.168.1.4,2189915513,4191913568,413,0,39360
163,1576407727.492659,192.168.1.4,192.168.1.6,3870660394,2924640208,278,1,39638
164,1576407727.492671,192.168.1.4,192.168.1.6,229918992,1135821456,589,1,40227
165,1576407727.493804,192.168.1.6,192.168.1.4,2924640208,3870660672,102,0,40125
